319.000000 348.000000 0.659416 2.000000
321.000000 372.000000 1.500133 2.000000
515.000000 545.000000 1.865866 2.000000
396.000000 530.000000 1.927953 2.000000
309.000000 581.000000 1.954402 3.000000
407.000000 471.000000 2.011885 2.000000
417.000000 498.000000 2.051576 2.000000
514.000000 550.000000 2.219172 2.000000
412.000000 586.000000 2.322170 3.000000
421.000000 463.000000 2.391296 2.000000
512.000000 587.000000 2.471877 3.000000
488.000000 502.000000 2.488433 2.000000
465.000000 506.000000 2.499964 2.000000
511.000000 589.000000 2.507956 4.000000
44.000000 54.000000 2.546594 2.000000
400.000000 544.000000 2.647105 2.000000
558.000000 584.000000 2.661131 3.000000
449.000000 590.000000 2.747673 3.000000
508.000000 560.000000 3.002545 2.000000
123.000000 124.000000 3.022741 2.000000
377.000000 379.000000 3.025318 2.000000
423.000000 588.000000 3.031472 3.000000
294.000000 398.000000 3.160642 2.000000
467.000000 591.000000 3.184351 4.000000
475.000000 593.000000 3.197070 3.000000
26.000000 595.000000 3.242498 3.000000
30.000000 48.000000 3.248566 2.000000
446.000000 592.000000 3.257366 3.000000
72.000000 105.000000 3.513477 2.000000
25.000000 52.000000 3.594074 2.000000
394.000000 596.000000 3.629504 3.000000
297.000000 371.000000 3.651410 2.000000
458.000000 543.000000 3.686272 2.000000
484.000000 496.000000 3.721243 2.000000
408.000000 478.000000 3.763478 2.000000
452.000000 604.000000 3.783660 5.000000
524.000000 608.000000 3.904360 4.000000
554.000000 594.000000 3.953579 5.000000
501.000000 522.000000 3.968918 2.000000
487.000000 527.000000 3.999943 2.000000
418.000000 518.000000 4.050794 2.000000
397.000000 411.000000 4.108077 2.000000
602.000000 620.000000 4.177638 5.000000
453.000000 523.000000 4.178282 2.000000
333.000000 387.000000 4.340901 2.000000
479.000000 623.000000 4.462079 6.000000
318.000000 340.000000 4.526973 2.000000
315.000000 616.000000 4.554639 6.000000
464.000000 582.000000 4.560003 3.000000
166.000000 167.000000 4.634049 2.000000
551.000000 624.000000 4.744599 3.000000
314.000000 409.000000 4.748229 2.000000
323.000000 435.000000 4.815244 2.000000
406.000000 618.000000 4.833022 6.000000
450.000000 482.000000 5.018997 2.000000
51.000000 609.000000 5.033646 3.000000
351.000000 585.000000 5.038242 4.000000
424.000000 456.000000 5.048326 2.000000
612.000000 634.000000 5.124988 8.000000
448.000000 552.000000 5.157191 2.000000
369.000000 629.000000 5.258101 4.000000
505.000000 637.000000 5.301552 5.000000
389.000000 625.000000 5.389585 3.000000
349.000000 350.000000 5.482178 2.000000
345.000000 597.000000 5.535062 4.000000
3.000000 234.000000 5.535418 2.000000
513.000000 638.000000 5.589532 3.000000
385.000000 598.000000 5.688877 4.000000
306.000000 507.000000 5.745321 2.000000
354.000000 648.000000 5.772840 5.000000
344.000000 633.000000 5.844687 3.000000
416.000000 473.000000 5.967831 2.000000
341.000000 603.000000 6.018978 3.000000
145.000000 610.000000 6.065635 3.000000
137.000000 636.000000 6.086179 4.000000
619.000000 641.000000 6.161552 6.000000
336.000000 380.000000 6.488165 2.000000
301.000000 628.000000 6.523137 7.000000
28.000000 161.000000 6.626318 2.000000
33.000000 46.000000 6.710386 2.000000
534.000000 541.000000 6.890426 2.000000
93.000000 227.000000 6.913575 2.000000
606.000000 654.000000 6.934617 6.000000
376.000000 642.000000 6.950869 6.000000
368.000000 500.000000 7.084174 2.000000
140.000000 193.000000 7.179545 2.000000
459.000000 599.000000 7.272810 3.000000
440.000000 491.000000 7.482041 2.000000
311.000000 436.000000 7.798966 2.000000
223.000000 655.000000 7.871435 5.000000
6.000000 96.000000 7.929078 2.000000
503.000000 605.000000 8.256289 4.000000
437.000000 509.000000 8.392544 2.000000
143.000000 666.000000 8.981863 3.000000
305.000000 658.000000 9.289975 8.000000
519.000000 661.000000 9.388630 3.000000
402.000000 532.000000 9.394408 2.000000
444.000000 645.000000 9.459797 5.000000
128.000000 662.000000 9.584972 3.000000
95.000000 126.000000 9.667009 2.000000
61.000000 663.000000 9.744019 7.000000
17.000000 208.000000 9.891656 2.000000
76.000000 205.000000 9.921806 2.000000
63.000000 646.000000 10.122014 3.000000
151.000000 203.000000 10.141894 2.000000
116.000000 254.000000 10.347414 2.000000
410.000000 626.000000 10.414385 7.000000
614.000000 615.000000 10.731827 4.000000
334.000000 672.000000 11.002359 5.000000
50.000000 670.000000 11.240779 6.000000
273.000000 280.000000 11.267369 2.000000
7.000000 77.000000 11.313585 2.000000
269.000000 680.000000 11.369134 3.000000
681.000000 690.000000 11.381670 13.000000
328.000000 651.000000 11.668545 4.000000
430.000000 480.000000 11.674967 2.000000
288.000000 621.000000 11.676135 3.000000
129.000000 682.000000 11.836768 3.000000
476.000000 622.000000 11.894331 3.000000
460.000000 504.000000 11.898970 2.000000
156.000000 240.000000 11.928550 2.000000
2.000000 660.000000 12.327445 3.000000
239.000000 686.000000 12.355847 3.000000
359.000000 382.000000 12.365910 2.000000
49.000000 694.000000 12.393431 14.000000
557.000000 678.000000 12.667781 6.000000
529.000000 687.000000 12.675396 8.000000
320.000000 427.000000 12.688753 2.000000
71.000000 178.000000 12.721582 2.000000
419.000000 486.000000 12.758647 2.000000
639.000000 695.000000 12.862009 12.000000
451.000000 556.000000 13.057238 2.000000
454.000000 455.000000 13.125781 2.000000
536.000000 583.000000 13.135225 3.000000
433.000000 688.000000 13.193156 5.000000
683.000000 705.000000 13.245770 16.000000
679.000000 684.000000 13.356926 6.000000
703.000000 716.000000 13.468703 19.000000
342.000000 640.000000 13.525894 3.000000
613.000000 675.000000 13.545864 10.000000
180.000000 659.000000 13.791603 3.000000
65.000000 164.000000 13.817229 2.000000
647.000000 700.000000 13.856765 5.000000
141.000000 698.000000 14.141224 4.000000
649.000000 689.000000 14.221917 7.000000
113.000000 607.000000 14.328001 3.000000
422.000000 676.000000 14.342866 4.000000
263.000000 693.000000 14.371722 4.000000
57.000000 230.000000 14.490898 2.000000
146.000000 722.000000 14.660096 3.000000
395.000000 490.000000 14.765667 2.000000
68.000000 120.000000 14.831274 2.000000
212.000000 214.000000 14.837436 2.000000
142.000000 194.000000 14.852622 2.000000
60.000000 98.000000 14.949345 2.000000
650.000000 669.000000 14.966062 7.000000
497.000000 652.000000 15.057661 3.000000
347.000000 442.000000 15.229804 2.000000
677.000000 715.000000 15.363637 7.000000
295.000000 632.000000 15.407382 3.000000
366.000000 723.000000 15.543538 6.000000
122.000000 238.000000 15.550089 2.000000
555.000000 711.000000 15.599903 13.000000
196.000000 717.000000 15.639470 7.000000
252.000000 718.000000 15.652832 20.000000
286.000000 692.000000 15.657312 3.000000
66.000000 125.000000 15.685016 2.000000
31.000000 36.000000 15.715978 2.000000
537.000000 721.000000 15.727942 4.000000
432.000000 447.000000 15.778603 2.000000
332.000000 653.000000 15.792828 4.000000
0.000000 211.000000 15.804874 2.000000
8.000000 70.000000 15.874336 2.000000
322.000000 714.000000 15.982020 4.000000
19.000000 119.000000 16.036668 2.000000
272.000000 709.000000 16.162537 3.000000
213.000000 219.000000 16.224664 2.000000
431.000000 438.000000 16.239105 2.000000
631.000000 727.000000 16.644280 7.000000
724.000000 744.000000 16.664055 11.000000
4.000000 671.000000 16.771892 3.000000
195.000000 674.000000 16.865915 4.000000
525.000000 635.000000 16.869086 3.000000
329.000000 737.000000 16.870572 4.000000
735.000000 745.000000 16.945965 22.000000
728.000000 746.000000 17.070076 7.000000
74.000000 279.000000 17.147756 2.000000
182.000000 267.000000 17.211556 2.000000
729.000000 749.000000 17.246317 6.000000
300.000000 401.000000 17.252203 2.000000
9.000000 12.000000 17.261478 2.000000
704.000000 736.000000 17.271978 9.000000
304.000000 327.000000 17.293403 2.000000
474.000000 489.000000 17.317151 2.000000
461.000000 546.000000 17.398857 2.000000
206.000000 233.000000 17.613237 2.000000
765.000000 769.000000 17.707297 28.000000
236.000000 732.000000 17.901964 3.000000
27.000000 766.000000 17.995590 8.000000
179.000000 266.000000 18.003576 2.000000
317.000000 384.000000 18.015944 2.000000
38.000000 702.000000 18.027397 4.000000
131.000000 730.000000 18.028723 4.000000
404.000000 706.000000 18.086752 7.000000
756.000000 760.000000 18.090787 14.000000
381.000000 386.000000 18.117710 2.000000
566.000000 568.000000 18.157121 2.000000
697.000000 739.000000 18.292093 10.000000
136.000000 685.000000 18.317387 3.000000
34.000000 748.000000 18.341929 3.000000
41.000000 47.000000 18.361503 2.000000
22.000000 62.000000 18.393112 2.000000
357.000000 774.000000 18.427777 3.000000
441.000000 696.000000 18.456745 3.000000
43.000000 160.000000 18.489934 2.000000
181.000000 244.000000 18.577146 2.000000
264.000000 767.000000 18.606285 3.000000
139.000000 231.000000 18.622218 2.000000
218.000000 734.000000 18.673002 3.000000
289.000000 725.000000 18.739829 8.000000
492.000000 664.000000 18.767595 7.000000
107.000000 130.000000 18.796487 2.000000
308.000000 310.000000 18.810656 2.000000
388.000000 713.000000 18.813639 3.000000
356.000000 741.000000 18.834858 7.000000
144.000000 778.000000 18.932376 4.000000
245.000000 789.000000 18.955768 4.000000
673.000000 743.000000 18.967770 15.000000
531.000000 553.000000 18.979668 2.000000
439.000000 627.000000 18.980800 3.000000
259.000000 779.000000 19.112237 9.000000
127.000000 243.000000 19.206621 2.000000
726.000000 777.000000 19.361233 31.000000
91.000000 187.000000 19.367460 2.000000
121.000000 742.000000 19.376724 3.000000
707.000000 775.000000 19.448968 10.000000
495.000000 800.000000 19.552768 9.000000
483.000000 526.000000 19.584394 2.000000
470.000000 793.000000 19.589344 4.000000
783.000000 807.000000 19.642476 8.000000
759.000000 805.000000 19.653878 14.000000
14.000000 209.000000 19.744635 2.000000
510.000000 772.000000 19.779937 10.000000
79.000000 813.000000 19.833318 32.000000
257.000000 755.000000 19.868412 3.000000
457.000000 740.000000 19.885563 4.000000
665.000000 801.000000 20.060320 9.000000
405.000000 784.000000 20.074948 8.000000
535.000000 731.000000 20.092662 3.000000
326.000000 426.000000 20.276013 2.000000
229.000000 824.000000 20.384555 33.000000
53.000000 138.000000 20.400752 2.000000
429.000000 559.000000 20.459754 2.000000
820.000000 831.000000 20.471589 41.000000
324.000000 330.000000 20.574954 2.000000
445.000000 644.000000 20.628146 3.000000
403.000000 520.000000 20.709314 2.000000
528.000000 788.000000 20.777495 11.000000
667.000000 828.000000 20.826094 11.000000
768.000000 780.000000 20.844429 4.000000
89.000000 110.000000 20.865064 2.000000
277.000000 811.000000 20.902719 10.000000
313.000000 383.000000 20.908637 2.000000
104.000000 466.000000 20.911545 2.000000
443.000000 826.000000 20.944346 5.000000
373.000000 754.000000 20.972591 5.000000
428.000000 494.000000 21.025752 2.000000
186.000000 761.000000 21.129816 4.000000
753.000000 795.000000 21.151298 4.000000
747.000000 785.000000 21.165733 16.000000
352.000000 781.000000 21.284794 3.000000
106.000000 762.000000 21.408624 5.000000
249.000000 842.000000 21.412997 11.000000
114.000000 834.000000 21.418041 42.000000
477.000000 708.000000 21.486544 3.000000
13.000000 100.000000 21.491867 2.000000
101.000000 237.000000 21.536964 2.000000
738.000000 764.000000 21.563459 6.000000
657.000000 808.000000 21.603953 17.000000
40.000000 184.000000 21.624262 2.000000
617.000000 656.000000 21.681573 10.000000
15.000000 16.000000 21.740919 2.000000
668.000000 823.000000 21.854202 12.000000
268.000000 792.000000 21.872998 3.000000
42.000000 59.000000 21.963990 2.000000
750.000000 846.000000 21.971800 7.000000
787.000000 798.000000 22.012055 4.000000
481.000000 699.000000 22.119380 4.000000
561.000000 562.000000 22.160235 2.000000
86.000000 791.000000 22.198856 3.000000
153.000000 276.000000 22.250731 2.000000
849.000000 854.000000 22.532696 46.000000
87.000000 225.000000 22.535490 2.000000
776.000000 822.000000 22.602538 4.000000
260.000000 796.000000 22.660455 3.000000
773.000000 839.000000 22.715381 13.000000
55.000000 860.000000 22.738770 3.000000
192.000000 733.000000 22.785819 3.000000
29.000000 78.000000 22.799117 2.000000
853.000000 874.000000 22.849007 15.000000
794.000000 819.000000 22.910212 7.000000
643.000000 843.000000 23.159776 5.000000
190.000000 262.000000 23.188185 2.000000
803.000000 833.000000 23.371846 4.000000
117.000000 575.000000 23.394104 2.000000
840.000000 844.000000 23.400987 6.000000
215.000000 220.000000 23.418359 2.000000
80.000000 258.000000 23.543264 2.000000
852.000000 867.000000 23.580116 9.000000
147.000000 271.000000 23.593417 2.000000
413.000000 863.000000 23.633066 13.000000
565.000000 701.000000 23.670660 3.000000
832.000000 872.000000 23.741044 48.000000
346.000000 358.000000 23.806906 2.000000
864.000000 880.000000 23.807245 18.000000
720.000000 845.000000 23.823793 15.000000
877.000000 886.000000 23.879101 9.000000
325.000000 859.000000 23.885671 18.000000
763.000000 816.000000 23.959623 13.000000
24.000000 841.000000 23.995883 3.000000
364.000000 858.000000 23.997055 7.000000
365.000000 485.000000 24.057248 2.000000
810.000000 821.000000 24.167299 17.000000
611.000000 866.000000 24.386004 10.000000
414.000000 472.000000 24.401372 2.000000
757.000000 871.000000 24.429479 4.000000
799.000000 889.000000 24.464031 12.000000
837.000000 876.000000 24.474644 15.000000
818.000000 899.000000 24.518474 15.000000
601.000000 710.000000 24.616859 4.000000
75.000000 221.000000 24.643529 2.000000
228.000000 893.000000 24.679013 49.000000
363.000000 898.000000 24.716633 19.000000
176.000000 895.000000 24.758936 19.000000
217.000000 912.000000 24.759960 50.000000
270.000000 797.000000 24.826001 4.000000
851.000000 855.000000 24.884507 6.000000
468.000000 533.000000 24.893080 2.000000
253.000000 897.000000 24.949516 10.000000
83.000000 815.000000 25.043198 4.000000
758.000000 913.000000 25.079057 21.000000
786.000000 891.000000 25.117527 15.000000
862.000000 915.000000 25.151513 52.000000
370.000000 835.000000 25.291275 3.000000
870.000000 873.000000 25.342338 5.000000
782.000000 790.000000 25.530210 7.000000
281.000000 869.000000 25.530366 3.000000
10.000000 888.000000 25.546330 3.000000
914.000000 919.000000 25.601039 29.000000
69.000000 265.000000 25.667190 2.000000
102.000000 115.000000 25.740707 2.000000
307.000000 367.000000 25.881065 2.000000
830.000000 903.000000 25.901793 19.000000
18.000000 94.000000 25.939673 2.000000
850.000000 892.000000 26.099058 19.000000
149.000000 207.000000 26.143125 2.000000
825.000000 900.000000 26.172042 6.000000
812.000000 883.000000 26.266898 4.000000
838.000000 917.000000 26.283505 17.000000
827.000000 901.000000 26.293117 16.000000
542.000000 817.000000 26.430171 10.000000
875.000000 925.000000 26.449562 8.000000
884.000000 918.000000 26.453626 6.000000
111.000000 172.000000 26.585346 2.000000
199.000000 879.000000 26.598160 3.000000
216.000000 878.000000 26.687429 4.000000
771.000000 920.000000 26.690679 6.000000
248.000000 261.000000 26.797050 2.000000
836.000000 909.000000 26.822639 18.000000
922.000000 939.000000 26.963042 32.000000
861.000000 933.000000 27.083939 29.000000
150.000000 579.000000 27.157805 2.000000
11.000000 103.000000 27.177213 2.000000
5.000000 246.000000 27.219373 2.000000
278.000000 938.000000 27.246226 5.000000
375.000000 516.000000 27.250293 2.000000
316.000000 362.000000 27.669471 2.000000
896.000000 904.000000 27.762904 25.000000
20.000000 890.000000 27.811797 3.000000
39.000000 191.000000 28.000836 2.000000
814.000000 937.000000 28.038904 8.000000
930.000000 944.000000 28.091329 4.000000
355.000000 882.000000 28.132281 6.000000
99.000000 911.000000 28.405535 3.000000
185.000000 929.000000 28.460124 30.000000
719.000000 908.000000 28.500166 18.000000
954.000000 965.000000 28.522547 32.000000
856.000000 934.000000 28.691811 4.000000
399.000000 951.000000 28.714407 30.000000
802.000000 885.000000 28.813758 4.000000
204.000000 946.000000 28.867217 5.000000
235.000000 865.000000 28.867625 3.000000
924.000000 932.000000 28.908911 5.000000
935.000000 967.000000 29.001945 51.000000
183.000000 961.000000 29.019789 9.000000
256.000000 936.000000 29.120590 3.000000
361.000000 950.000000 29.156333 33.000000
848.000000 952.000000 29.239450 6.000000
241.000000 942.000000 29.245576 9.000000
931.000000 959.000000 29.406189 5.000000
82.000000 85.000000 29.450034 2.000000
921.000000 963.000000 29.477306 27.000000
200.000000 962.000000 29.478039 5.000000
360.000000 425.000000 29.561570 2.000000
462.000000 958.000000 29.627097 26.000000
338.000000 374.000000 29.677683 2.000000
949.000000 966.000000 29.821232 36.000000
809.000000 977.000000 29.911139 35.000000
118.000000 907.000000 30.084428 13.000000
847.000000 905.000000 30.217688 4.000000
691.000000 923.000000 30.225963 54.000000
948.000000 970.000000 30.248454 6.000000
293.000000 969.000000 30.250317 31.000000
971.000000 974.000000 30.301530 56.000000
274.000000 290.000000 30.467861 2.000000
302.000000 353.000000 30.543931 2.000000
97.000000 163.000000 30.616220 2.000000
947.000000 994.000000 30.624816 62.000000
499.000000 973.000000 30.646434 6.000000
968.000000 978.000000 30.655016 10.000000
804.000000 988.000000 30.696789 38.000000
198.000000 752.000000 30.847123 3.000000
881.000000 910.000000 31.009924 11.000000
751.000000 982.000000 31.234685 31.000000
1.000000 960.000000 31.399105 3.000000
976.000000 998.000000 31.606770 65.000000
152.000000 989.000000 31.648970 14.000000
177.000000 887.000000 31.733291 3.000000
84.000000 857.000000 31.733751 3.000000
940.000000 993.000000 31.738996 47.000000
806.000000 979.000000 31.749859 13.000000
991.000000 1006.000000 31.787085 119.000000
829.000000 943.000000 31.814553 9.000000
770.000000 1001.000000 31.911326 40.000000
337.000000 987.000000 31.982696 37.000000
202.000000 964.000000 32.013779 4.000000
984.000000 1014.000000 32.211896 42.000000
112.000000 1011.000000 32.300742 14.000000
576.000000 1007.000000 32.422856 15.000000
985.000000 1017.000000 32.470021 68.000000
224.000000 955.000000 32.737813 6.000000
343.000000 902.000000 33.099190 3.000000
339.000000 868.000000 33.137372 5.000000
37.000000 197.000000 33.294154 2.000000
21.000000 975.000000 33.315840 10.000000
712.000000 927.000000 33.357106 5.000000
56.000000 134.000000 33.376442 2.000000
81.000000 928.000000 33.422371 4.000000
296.000000 1010.000000 33.437295 48.000000
941.000000 1004.000000 33.556025 41.000000
165.000000 1019.000000 33.617624 16.000000
906.000000 1016.000000 33.624451 8.000000
35.000000 926.000000 33.717385 8.000000
992.000000 1025.000000 33.824080 16.000000
135.000000 1012.000000 33.875886 120.000000
303.000000 548.000000 33.901428 2.000000
73.000000 997.000000 34.335650 3.000000
521.000000 1015.000000 34.379475 38.000000
175.000000 980.000000 34.462687 6.000000
226.000000 1018.000000 34.482695 15.000000
1020.000000 1038.000000 34.608966 106.000000
157.000000 1035.000000 34.692475 121.000000
983.000000 1028.000000 34.737512 9.000000
108.000000 916.000000 34.750104 5.000000
1034.000000 1037.000000 34.830813 19.000000
945.000000 995.000000 34.878584 5.000000
335.000000 1036.000000 34.898358 3.000000
88.000000 981.000000 35.019053 3.000000
957.000000 999.000000 35.028229 8.000000
894.000000 986.000000 35.143213 4.000000
1040.000000 1042.000000 35.178611 136.000000
990.000000 1013.000000 35.263862 13.000000
1000.000000 1021.000000 35.698659 16.000000
953.000000 972.000000 35.835294 5.000000
540.000000 1003.000000 35.893823 12.000000
539.000000 1022.000000 36.163859 4.000000
242.000000 1051.000000 36.402910 137.000000
1030.000000 1041.000000 36.556248 147.000000
1045.000000 1057.000000 36.582427 156.000000
1029.000000 1050.000000 36.718801 52.000000
1005.000000 1024.000000 36.760626 5.000000
312.000000 331.000000 36.875072 2.000000
1009.000000 1059.000000 37.033837 159.000000
32.000000 159.000000 37.068817 2.000000
64.000000 162.000000 37.184274 2.000000
292.000000 574.000000 37.379326 2.000000
1031.000000 1032.000000 37.633411 24.000000
148.000000 210.000000 37.656343 2.000000
1052.000000 1058.000000 37.714739 160.000000
493.000000 564.000000 37.743836 2.000000
1049.000000 1060.000000 37.840570 60.000000
1039.000000 1044.000000 38.117351 11.000000
92.000000 1046.000000 38.130241 6.000000
109.000000 567.000000 38.363079 2.000000
1069.000000 1071.000000 38.543016 220.000000
569.000000 573.000000 38.612509 2.000000
1027.000000 1061.000000 38.764365 7.000000
547.000000 549.000000 38.804396 2.000000
154.000000 1063.000000 38.819132 160.000000
58.000000 1079.000000 39.070453 161.000000
415.000000 1075.000000 39.372937 221.000000
1054.000000 1080.000000 39.725999 166.000000
90.000000 132.000000 39.795681 2.000000
155.000000 170.000000 39.863820 2.000000
173.000000 1067.000000 39.880788 25.000000
174.000000 1082.000000 40.200239 167.000000
956.000000 1023.000000 40.493055 7.000000
1043.000000 1053.000000 40.770847 25.000000
538.000000 1055.000000 40.788264 13.000000
1002.000000 1033.000000 40.896019 11.000000
67.000000 1086.000000 40.996593 168.000000
630.000000 1073.000000 41.075984 8.000000
1085.000000 1091.000000 41.103510 193.000000
391.000000 393.000000 41.374549 2.000000
1062.000000 1081.000000 41.374710 223.000000
578.000000 1065.000000 41.587524 3.000000
1066.000000 1089.000000 41.800562 15.000000
1072.000000 1077.000000 41.853283 18.000000
299.000000 996.000000 42.014311 3.000000
1008.000000 1093.000000 42.293822 196.000000
1095.000000 1097.000000 42.502534 238.000000
1056.000000 1087.000000 42.560053 11.000000
1083.000000 1100.000000 42.796125 198.000000
45.000000 392.000000 43.235318 2.000000
1092.000000 1103.000000 43.251174 206.000000
201.000000 282.000000 43.405495 2.000000
580.000000 1098.000000 43.621005 19.000000
1064.000000 1090.000000 43.626961 13.000000
291.000000 390.000000 43.833034 2.000000
1047.000000 1078.000000 44.154017 5.000000
1088.000000 1105.000000 44.168275 231.000000
250.000000 600.000000 44.303821 3.000000
517.000000 1026.000000 44.433141 6.000000
171.000000 1111.000000 44.526325 232.000000
251.000000 572.000000 44.869461 2.000000
1074.000000 1114.000000 45.121233 234.000000
222.000000 287.000000 45.159640 2.000000
232.000000 1048.000000 45.916504 4.000000
577.000000 1113.000000 46.015235 7.000000
285.000000 1104.000000 46.127035 3.000000
469.000000 1110.000000 46.220974 6.000000
298.000000 1102.000000 46.841089 12.000000
1107.000000 1116.000000 46.999834 253.000000
1101.000000 1121.000000 47.234720 244.000000
1115.000000 1123.000000 47.783698 255.000000
188.000000 189.000000 48.433279 2.000000
570.000000 1120.000000 48.822234 4.000000
1122.000000 1124.000000 49.006165 256.000000
1068.000000 1125.000000 49.073701 257.000000
255.000000 563.000000 49.383736 2.000000
1084.000000 1129.000000 49.551834 259.000000
1096.000000 1131.000000 50.893376 262.000000
1076.000000 1106.000000 51.467648 4.000000
1118.000000 1127.000000 51.538848 8.000000
169.000000 1112.000000 51.554228 4.000000
1117.000000 1132.000000 51.987088 264.000000
133.000000 275.000000 52.436125 2.000000
1109.000000 1128.000000 52.741367 258.000000
1070.000000 1099.000000 53.255978 5.000000
378.000000 1135.000000 54.226063 5.000000
158.000000 1136.000000 54.494526 265.000000
1134.000000 1141.000000 54.729652 273.000000
284.000000 1130.000000 54.872717 3.000000
1108.000000 1142.000000 55.930926 286.000000
1126.000000 1140.000000 56.367590 7.000000
247.000000 1143.000000 57.822345 4.000000
1139.000000 1145.000000 58.282963 12.000000
1137.000000 1144.000000 59.046626 288.000000
571.000000 1094.000000 59.488906 3.000000
434.000000 1147.000000 60.316397 13.000000
23.000000 1148.000000 62.292278 289.000000
1119.000000 1146.000000 62.695800 11.000000
1150.000000 1152.000000 64.074257 24.000000
1138.000000 1149.000000 66.313791 261.000000
283.000000 1153.000000 66.877965 25.000000
168.000000 1133.000000 68.281144 5.000000
1154.000000 1155.000000 71.301083 286.000000
420.000000 1151.000000 73.682859 290.000000
1157.000000 1158.000000 79.785870 576.000000
1156.000000 1159.000000 95.357581 581.000000
