25.000000 26.000000 1.120599 2.000000
51.000000 135.000000 1.192945 2.000000
72.000000 290.000000 1.613673 3.000000
52.000000 289.000000 1.745656 3.000000
44.000000 292.000000 1.971520 4.000000
54.000000 143.000000 2.320407 2.000000
93.000000 126.000000 2.379586 2.000000
30.000000 48.000000 2.428704 2.000000
6.000000 96.000000 2.501933 2.000000
18.000000 20.000000 2.611208 2.000000
117.000000 184.000000 2.661840 2.000000
216.000000 291.000000 2.684364 4.000000
251.000000 254.000000 2.709391 2.000000
63.000000 220.000000 2.744491 2.000000
293.000000 294.000000 2.819007 6.000000
2.000000 46.000000 2.885951 2.000000
4.000000 182.000000 2.901778 2.000000
3.000000 233.000000 2.945965 2.000000
86.000000 261.000000 2.971991 2.000000
105.000000 300.000000 3.099811 5.000000
17.000000 201.000000 3.137056 2.000000
61.000000 245.000000 3.223145 2.000000
19.000000 119.000000 3.287017 2.000000
162.000000 299.000000 3.401238 3.000000
59.000000 297.000000 3.422940 3.000000
125.000000 298.000000 3.426747 3.000000
227.000000 295.000000 3.505678 3.000000
22.000000 62.000000 3.537681 2.000000
164.000000 165.000000 3.621856 2.000000
284.000000 312.000000 3.626841 4.000000
89.000000 247.000000 3.729438 2.000000
154.000000 305.000000 3.794642 3.000000
263.000000 270.000000 3.893998 2.000000
108.000000 302.000000 3.938617 3.000000
11.000000 12.000000 4.053185 2.000000
65.000000 306.000000 4.108019 3.000000
163.000000 224.000000 4.127136 2.000000
303.000000 308.000000 4.127641 11.000000
10.000000 111.000000 4.129168 2.000000
103.000000 255.000000 4.137577 2.000000
77.000000 258.000000 4.138272 2.000000
174.000000 309.000000 4.201408 3.000000
41.000000 307.000000 4.217308 3.000000
14.000000 70.000000 4.231655 2.000000
190.000000 236.000000 4.236380 2.000000
42.000000 313.000000 4.250586 4.000000
262.000000 318.000000 4.255232 5.000000
148.000000 287.000000 4.346242 2.000000
315.000000 322.000000 4.384329 6.000000
205.000000 207.000000 4.413791 2.000000
28.000000 159.000000 4.427841 2.000000
74.000000 113.000000 4.445811 2.000000
196.000000 256.000000 4.465182 2.000000
198.000000 253.000000 4.474137 2.000000
124.000000 259.000000 4.499239 2.000000
314.000000 320.000000 4.504312 6.000000
71.000000 334.000000 4.587071 5.000000
142.000000 296.000000 4.629703 3.000000
310.000000 331.000000 4.691143 5.000000
138.000000 187.000000 4.744016 2.000000
76.000000 249.000000 4.753574 2.000000
139.000000 335.000000 4.779574 6.000000
36.000000 304.000000 4.780316 3.000000
95.000000 276.000000 4.785769 2.000000
8.000000 40.000000 4.795465 2.000000
229.000000 260.000000 4.828513 2.000000
178.000000 330.000000 4.837203 4.000000
43.000000 50.000000 4.882843 2.000000
121.000000 323.000000 4.918074 3.000000
327.000000 357.000000 5.000933 5.000000
127.000000 257.000000 5.015474 2.000000
129.000000 333.000000 5.037982 3.000000
176.000000 200.000000 5.074357 2.000000
232.000000 243.000000 5.104578 2.000000
7.000000 326.000000 5.136947 12.000000
9.000000 69.000000 5.159399 2.000000
168.000000 344.000000 5.172680 7.000000
98.000000 347.000000 5.178809 6.000000
186.000000 211.000000 5.210214 2.000000
272.000000 329.000000 5.222035 3.000000
120.000000 301.000000 5.300975 3.000000
24.000000 91.000000 5.378876 2.000000
324.000000 337.000000 5.389942 9.000000
75.000000 137.000000 5.429236 2.000000
141.000000 281.000000 5.466488 2.000000
365.000000 371.000000 5.540628 16.000000
38.000000 39.000000 5.542557 2.000000
33.000000 351.000000 5.569109 4.000000
149.000000 341.000000 5.578160 3.000000
100.000000 350.000000 5.606942 7.000000
128.000000 170.000000 5.607902 2.000000
188.000000 206.000000 5.608432 2.000000
27.000000 363.000000 5.614116 13.000000
235.000000 360.000000 5.623038 4.000000
140.000000 189.000000 5.674064 2.000000
237.000000 366.000000 5.679127 7.000000
144.000000 336.000000 5.703475 3.000000
47.000000 316.000000 5.744251 3.000000
87.000000 352.000000 5.745241 3.000000
177.000000 342.000000 5.753801 3.000000
110.000000 158.000000 5.777960 2.000000
166.000000 192.000000 5.823434 2.000000
212.000000 383.000000 5.862121 3.000000
172.000000 277.000000 5.910428 2.000000
83.000000 378.000000 5.921885 8.000000
228.000000 345.000000 5.959695 6.000000
80.000000 136.000000 6.078799 2.000000
210.000000 338.000000 6.086111 3.000000
368.000000 384.000000 6.106835 10.000000
214.000000 367.000000 6.107725 3.000000
5.000000 104.000000 6.140748 2.000000
359.000000 394.000000 6.156655 8.000000
0.000000 375.000000 6.168526 3.000000
354.000000 369.000000 6.228409 5.000000
219.000000 340.000000 6.238145 3.000000
356.000000 381.000000 6.271426 15.000000
112.000000 221.000000 6.293370 2.000000
355.000000 374.000000 6.315517 20.000000
56.000000 358.000000 6.340441 6.000000
348.000000 372.000000 6.342737 4.000000
385.000000 393.000000 6.347029 11.000000
68.000000 223.000000 6.350023 2.000000
55.000000 208.000000 6.357913 2.000000
226.000000 403.000000 6.375696 4.000000
21.000000 379.000000 6.440046 3.000000
218.000000 343.000000 6.461503 3.000000
278.000000 406.000000 6.592406 21.000000
252.000000 268.000000 6.605523 2.000000
173.000000 213.000000 6.643172 2.000000
362.000000 404.000000 6.654091 17.000000
181.000000 405.000000 6.673850 3.000000
332.000000 353.000000 6.709310 4.000000
376.000000 401.000000 6.715245 7.000000
349.000000 388.000000 6.736398 5.000000
311.000000 389.000000 6.825481 4.000000
94.000000 400.000000 6.879309 9.000000
387.000000 397.000000 6.909407 13.000000
325.000000 373.000000 6.914992 4.000000
269.000000 412.000000 6.922483 5.000000
66.000000 411.000000 6.964042 3.000000
364.000000 413.000000 6.967657 5.000000
60.000000 418.000000 7.013954 18.000000
49.000000 392.000000 7.066553 3.000000
380.000000 391.000000 7.090807 5.000000
123.000000 238.000000 7.110232 2.000000
199.000000 427.000000 7.146484 6.000000
175.000000 377.000000 7.158427 4.000000
415.000000 424.000000 7.231977 30.000000
240.000000 414.000000 7.273833 4.000000
390.000000 421.000000 7.279745 9.000000
248.000000 328.000000 7.290669 3.000000
231.000000 407.000000 7.299878 7.000000
1.000000 185.000000 7.322197 2.000000
115.000000 416.000000 7.444092 3.000000
430.000000 437.000000 7.452611 22.000000
339.000000 422.000000 7.478563 7.000000
152.000000 161.000000 7.646808 2.000000
114.000000 436.000000 7.696172 31.000000
37.000000 204.000000 7.752748 2.000000
346.000000 410.000000 7.757275 5.000000
222.000000 267.000000 7.826192 2.000000
409.000000 428.000000 7.879516 14.000000
429.000000 446.000000 7.885452 36.000000
396.000000 398.000000 7.914062 6.000000
419.000000 425.000000 7.918753 16.000000
31.000000 438.000000 7.931045 10.000000
118.000000 426.000000 7.948125 5.000000
434.000000 448.000000 7.988588 11.000000
53.000000 202.000000 8.110453 2.000000
443.000000 453.000000 8.115545 38.000000
441.000000 442.000000 8.130511 5.000000
106.000000 171.000000 8.134880 2.000000
435.000000 451.000000 8.156078 40.000000
35.000000 454.000000 8.210341 11.000000
57.000000 431.000000 8.239514 4.000000
183.000000 370.000000 8.249136 3.000000
73.000000 79.000000 8.260234 2.000000
102.000000 402.000000 8.299877 6.000000
241.000000 440.000000 8.310417 8.000000
58.000000 239.000000 8.343273 2.000000
386.000000 444.000000 8.364622 10.000000
420.000000 468.000000 8.429531 6.000000
395.000000 439.000000 8.429983 5.000000
408.000000 432.000000 8.548353 9.000000
122.000000 382.000000 8.582979 5.000000
15.000000 16.000000 8.600692 2.000000
459.000000 461.000000 8.646288 45.000000
319.000000 423.000000 8.802876 6.000000
145.000000 433.000000 8.831462 3.000000
457.000000 458.000000 8.856757 40.000000
191.000000 475.000000 8.899062 46.000000
153.000000 462.000000 8.917983 12.000000
97.000000 132.000000 8.920575 2.000000
450.000000 469.000000 8.933152 24.000000
130.000000 147.000000 8.949190 2.000000
399.000000 456.000000 9.024472 13.000000
266.000000 285.000000 9.047853 2.000000
99.000000 280.000000 9.089167 2.000000
107.000000 194.000000 9.116525 2.000000
466.000000 482.000000 9.116953 30.000000
215.000000 250.000000 9.199962 2.000000
478.000000 479.000000 9.201958 86.000000
417.000000 445.000000 9.310819 4.000000
464.000000 473.000000 9.375749 8.000000
470.000000 484.000000 9.404121 19.000000
101.000000 230.000000 9.492628 2.000000
465.000000 490.000000 9.563962 88.000000
455.000000 472.000000 9.571689 14.000000
493.000000 495.000000 9.776440 107.000000
452.000000 496.000000 9.863937 20.000000
463.000000 492.000000 10.006504 12.000000
361.000000 483.000000 10.008859 4.000000
180.000000 279.000000 10.077564 2.000000
471.000000 487.000000 10.091172 7.000000
67.000000 480.000000 10.092442 13.000000
195.000000 460.000000 10.219901 3.000000
476.000000 502.000000 10.234227 13.000000
13.000000 488.000000 10.240625 31.000000
116.000000 449.000000 10.330665 3.000000
498.000000 506.000000 10.468353 51.000000
467.000000 505.000000 10.647770 21.000000
209.000000 491.000000 10.696626 5.000000
234.000000 500.000000 10.752653 5.000000
481.000000 510.000000 10.863755 7.000000
109.000000 507.000000 10.886368 4.000000
157.000000 447.000000 10.905771 3.000000
497.000000 508.000000 10.918832 158.000000
217.000000 499.000000 10.939077 13.000000
244.000000 504.000000 11.246237 4.000000
64.000000 286.000000 11.306040 2.000000
155.000000 167.000000 11.317015 2.000000
503.000000 514.000000 11.329581 16.000000
485.000000 501.000000 11.341835 4.000000
509.000000 515.000000 11.364559 179.000000
477.000000 522.000000 11.619214 182.000000
516.000000 517.000000 11.643043 17.000000
511.000000 523.000000 11.808182 187.000000
513.000000 525.000000 11.905306 191.000000
520.000000 526.000000 11.925839 207.000000
92.000000 193.000000 11.952975 2.000000
134.000000 512.000000 12.074592 8.000000
29.000000 78.000000 12.096011 2.000000
489.000000 527.000000 12.314047 209.000000
246.000000 529.000000 12.422801 9.000000
524.000000 531.000000 12.474628 226.000000
151.000000 532.000000 12.590176 10.000000
474.000000 494.000000 12.770876 4.000000
179.000000 273.000000 12.785577 2.000000
81.000000 533.000000 13.401942 227.000000
521.000000 534.000000 13.535139 14.000000
82.000000 530.000000 13.582375 3.000000
34.000000 537.000000 13.737293 228.000000
538.000000 540.000000 13.795609 242.000000
88.000000 90.000000 13.938722 2.000000
486.000000 541.000000 14.174275 244.000000
203.000000 519.000000 14.189386 3.000000
84.000000 169.000000 14.535104 2.000000
160.000000 197.000000 15.067390 2.000000
150.000000 544.000000 15.206588 4.000000
32.000000 543.000000 15.347808 245.000000
536.000000 548.000000 15.793625 247.000000
547.000000 549.000000 16.178171 251.000000
264.000000 274.000000 16.246322 2.000000
528.000000 539.000000 16.351878 5.000000
535.000000 550.000000 16.506431 255.000000
146.000000 518.000000 16.806608 3.000000
542.000000 552.000000 17.031018 7.000000
275.000000 554.000000 17.894458 4.000000
545.000000 555.000000 18.094641 9.000000
546.000000 553.000000 18.942254 257.000000
288.000000 556.000000 19.529991 5.000000
551.000000 557.000000 20.045296 11.000000
321.000000 558.000000 20.397486 259.000000
85.000000 560.000000 20.731576 12.000000
225.000000 559.000000 20.903138 6.000000
133.000000 561.000000 20.958974 260.000000
562.000000 563.000000 22.228416 18.000000
271.000000 565.000000 26.065878 19.000000
564.000000 566.000000 26.990104 279.000000
317.000000 567.000000 28.851168 281.000000
242.000000 568.000000 29.077941 282.000000
283.000000 569.000000 31.202204 283.000000
23.000000 570.000000 32.148388 284.000000
45.000000 571.000000 35.303215 285.000000
156.000000 572.000000 38.803468 286.000000
131.000000 265.000000 39.784397 2.000000
282.000000 573.000000 42.714514 287.000000
574.000000 575.000000 43.649763 289.000000
